0.01 -0.0980998
0.02 -0.196198
0.03 -0.294294
0.04 -0.392386
0.05 -0.490472
0.06 -0.588552
0.07 -0.686623
0.08 -0.784685
0.09 -0.882736
0.1 -0.980776
0.11 -1.0788
0.12 -1.17681
0.13 -1.27481
0.14 -1.37278
0.15 -1.47074
0.16 -1.56868
0.17 -1.6666
0.18 -1.76449
0.19 -1.86236
0.2 -1.96021
0.21 -2.05802
0.22 -2.15581
0.23 -2.25357
0.24 -2.3513
0.25 -2.449
0.26 -2.54666
0.27 -2.64429
0.28 -2.74188
0.29 -2.83944
0.3 -2.93695
0.31 -3.03443
0.32 -3.13186
0.33 -3.22925
0.34 -3.3266
0.35 -3.4239
0.36 -3.52116
0.37 -3.61837
0.38 -3.71553
0.39 -3.81264
0.4 -3.90969
0.41 -4.00669
0.42 -4.10364
0.43 -4.20054
0.44 -4.29737
0.45 -4.39415
0.46 -4.49087
0.47 -4.58753
0.48 -4.68412
0.49 -4.78065
0.5 -4.87712
0.51 -4.97352
0.52 -5.06986
0.53 -5.16613
0.54 -5.26232
0.55 -5.35845
0.56 -5.4545
0.57 -5.55048
0.58 -5.64639
0.59 -5.74222
0.6 -5.83797
0.61 -5.93365
0.62 -6.02924
0.63 -6.12476
0.64 -6.22019
0.65 -6.31554
0.66 -6.41081
0.67 -6.50599
0.68 -6.60108
0.69 -6.69609
0.7 -6.791
0.71 -6.88583
0.72 -6.98056
0.73 -7.07521
0.74 -7.16975
0.75 -7.26421
0.76 -7.35857
0.77 -7.45283
0.78 -7.54699
0.79 -7.64105
0.8 -7.73502
0.81 -7.82888
0.82 -7.92263
0.83 -8.01629
0.84 -8.10984
0.85 -8.20328
0.86 -8.29662
0.87 -8.38984
0.88 -8.48296
0.89 -8.57597
0.9 -8.66886
0.91 -8.76165
0.92 -8.85432
0.93 -8.94687
0.94 -9.03931
0.95 -9.13163
0.96 -9.22384
0.97 -9.31592
0.98 -9.40788
0.99 -9.49973
1 -9.59145
1.01 -9.68305
1.02 -9.77452
1.03 -9.86587
1.04 -9.9571
1.05 -10.0482
1.06 -10.1392
1.07 -10.23
1.08 -10.3207
1.09 -10.4113
1.1 -10.5017
1.11 -10.592
1.12 -10.6822
1.13 -10.7723
1.14 -10.8622
1.15 -10.952
1.16 -11.0416
1.17 -11.1311
1.18 -11.2204
1.19 -11.3097
1.2 -11.3987
1.21 -11.4877
1.22 -11.5765
1.23 -11.6651
1.24 -11.7536
1.25 -11.842
1.26 -11.9302
1.27 -12.0182
1.28 -12.1062
1.29 -12.1939
1.3 -12.2815
1.31 -12.369
1.32 -12.4563
1.33 -12.5435
1.34 -12.6305
1.35 -12.7173
1.36 -12.804
1.37 -12.8906
1.38 -12.977
1.39 -13.0632
1.4 -13.1493
1.41 -13.2352
1.42 -13.321
1.43 -13.4066
1.44 -13.492
1.45 -13.5773
1.46 -13.6624
1.47 -13.7473
1.48 -13.8321
1.49 -13.9168
1.5 -14.0012
1.51 -14.0855
1.52 -14.1696
1.53 -14.2536
1.54 -14.3374
1.55 -14.421
1.56 -14.5045
1.57 -14.5878
1.58 -14.6709
1.59 -14.7538
1.6 -14.8366
1.61 -14.9192
1.62 -15.0017
1.63 -15.0839
1.64 -15.166
1.65 -15.2479
1.66 -15.3297
1.67 -15.4112
1.68 -15.4926
1.69 -15.5738
1.7 -15.6548
1.71 -15.7357
1.72 -15.8164
1.73 -15.8969
1.74 -15.9772
1.75 -16.0573
1.76 -16.1373
1.77 -16.2171
1.78 -16.2967
1.79 -16.3761
1.8 -16.4553
1.81 -16.5344
1.82 -16.6133
1.83 -16.692
1.84 -16.7705
1.85 -16.8488
1.86 -16.9269
1.87 -17.0049
1.88 -17.0826
1.89 -17.1602
1.9 -17.2376
1.91 -17.3148
1.92 -17.3918
1.93 -17.4687
1.94 -17.5453
1.95 -17.6218
1.96 -17.698
1.97 -17.7741
1.98 -17.85
1.99 -17.9257
2 -18.0012
2.01 -18.0765
2.02 -18.1517
2.03 -18.2266
2.04 -18.3014
2.05 -18.3759
2.06 -18.4503
2.07 -18.5245
2.08 -18.5984
2.09 -18.6722
2.1 -18.7458
2.11 -18.8192
2.12 -18.8925
2.13 -18.9655
2.14 -19.0383
2.15 -19.1109
2.16 -19.1834
2.17 -19.2556
2.18 -19.3277
2.19 -19.3995
2.2 -19.4712
2.21 -19.5426
2.22 -19.6139
2.23 -19.685
2.24 -19.7559
2.25 -19.8265
2.26 -19.897
2.27 -19.9673
2.28 -20.0374
2.29 -20.1073
2.3 -20.177
2.31 -20.2465
2.32 -20.3158
2.33 -20.3849
2.34 -20.4538
2.35 -20.5225
2.36 -20.5911
2.37 -20.6594
2.38 -20.7275
2.39 -20.7954
2.4 -20.8632
2.41 -20.9307
2.42 -20.998
2.43 -21.0652
2.44 -21.1321
2.45 -21.1989
2.46 -21.2654
2.47 -21.3317
2.48 -21.3979
2.49 -21.4638
2.5 -21.5296
2.51 -21.5952
2.52 -21.6605
2.53 -21.7257
2.54 -21.7906
2.55 -21.8554
2.56 -21.92
2.57 -21.9843
2.58 -22.0485
2.59 -22.1125
2.6 -22.1762
2.61 -22.2398
2.62 -22.3032
2.63 -22.3664
2.64 -22.4294
2.65 -22.4921
2.66 -22.5547
2.67 -22.6171
2.68 -22.6793
2.69 -22.7413
2.7 -22.8031
2.71 -22.8647
2.72 -22.9261
2.73 -22.9873
2.74 -23.0483
2.75 -23.1092
2.76 -23.1698
2.77 -23.2302
2.78 -23.2904
2.79 -23.3505
2.8 -23.4103
2.81 -23.4699
2.82 -23.5294
2.83 -23.5886
2.84 -23.6477
2.85 -23.7065
2.86 -23.7652
2.87 -23.8237
2.88 -23.8819
2.89 -23.94
2.9 -23.9979
2.91 -24.0556
2.92 -24.1131
2.93 -24.1704
2.94 -24.2275
2.95 -24.2844
2.96 -24.3411
2.97 -24.3977
2.98 -24.454
2.99 -24.5101
3 -24.5661
3.01 -24.6219
3.02 -24.6774
3.03 -24.7328
3.04 -24.788
3.05 -24.843
3.06 -24.8978
3.07 -24.9524
3.08 -25.0068
3.09 -25.061
3.1 -25.1151
3.11 -25.1689
3.12 -25.2226
3.13 -25.2761
3.14 -25.3294
3.15 -25.3825
3.16 -25.4354
3.17 -25.4881
3.18 -25.5406
3.19 -25.593
3.2 -25.6451
3.21 -25.6971
3.22 -25.7489
3.23 -25.8005
3.24 -25.8519
3.25 -25.9031
3.26 -25.9541
3.27 -26.005
3.28 -26.0557
3.29 -26.1061
3.3 -26.1564
3.31 -26.2066
3.32 -26.2565
3.33 -26.3062
3.34 -26.3558
3.35 -26.4052
3.36 -26.4544
3.37 -26.5034
3.38 -26.5523
3.39 -26.6009
3.4 -26.6494
3.41 -26.6977
3.42 -26.7458
3.43 -26.7937
3.44 -26.8415
3.45 -26.8891
3.46 -26.9365
3.47 -26.9837
3.48 -27.0307
3.49 -27.0776
3.5 -27.1243
3.51 -27.1708
3.52 -27.2171
3.53 -27.2633
3.54 -27.3093
3.55 -27.3551
3.56 -27.4007
3.57 -27.4462
3.58 -27.4915
3.59 -27.5366
3.6 -27.5815
3.61 -27.6263
3.62 -27.6708
3.63 -27.7153
3.64 -27.7595
3.65 -27.8036
3.66 -27.8475
3.67 -27.8912
3.68 -27.9348
3.69 -27.9782
3.7 -28.0214
3.71 -28.0644
3.72 -28.1073
3.73 -28.15
3.74 -28.1926
3.75 -28.235
3.76 -28.2772
3.77 -28.3192
3.78 -28.3611
3.79 -28.4028
3.8 -28.4444
3.81 -28.4857
3.82 -28.527
3.83 -28.568
3.84 -28.6089
3.85 -28.6496
3.86 -28.6902
3.87 -28.7306
3.88 -28.7708
3.89 -28.8109
3.9 -28.8508
3.91 -28.8906
3.92 -28.9302
3.93 -28.9696
3.94 -29.0089
3.95 -29.048
3.96 -29.0869
3.97 -29.1257
3.98 -29.1644
3.99 -29.2029
4 -29.2412
4.01 -29.2793
4.02 -29.3174
4.03 -29.3552
4.04 -29.3929
4.05 -29.4305
4.06 -29.4679
4.07 -29.5051
4.08 -29.5422
4.09 -29.5791
4.1 -29.6159
4.11 -29.6525
4.12 -29.689
4.13 -29.7253
4.14 -29.7615
4.15 -29.7975
4.16 -29.8334
4.17 -29.8691
4.18 -29.9047
4.19 -29.9401
4.2 -29.9754
4.21 -30.0105
4.22 -30.0455
4.23 -30.0803
4.24 -30.115
4.25 -30.1496
4.26 -30.184
4.27 -30.2182
4.28 -30.2523
4.29 -30.2863
4.3 -30.3201
4.31 -30.3538
4.32 -30.3873
4.33 -30.4207
4.34 -30.454
4.35 -30.4871
4.36 -30.52
4.37 -30.5529
4.38 -30.5855
4.39 -30.6181
4.4 -30.6505
4.41 -30.6828
4.42 -30.7149
4.43 -30.7469
4.44 -30.7788
4.45 -30.8105
4.46 -30.8421
4.47 -30.8735
4.48 -30.9048
4.49 -30.936
4.5 -30.967
4.51 -30.9979
4.52 -31.0287
4.53 -31.0593
4.54 -31.0898
4.55 -31.1202
4.56 -31.1505
4.57 -31.1806
4.58 -31.2105
4.59 -31.2404
4.6 -31.2701
4.61 -31.2997
4.62 -31.3292
4.63 -31.3585
4.64 -31.3877
4.65 -31.4168
4.66 -31.4457
4.67 -31.4745
4.68 -31.5032
4.69 -31.5318
4.7 -31.5602
4.71 -31.5885
4.72 -31.6167
4.73 -31.6448
4.74 -31.6727
4.75 -31.7005
4.76 -31.7282
4.77 -31.7558
4.78 -31.7833
4.79 -31.8106
4.8 -31.8378
4.81 -31.8649
4.82 -31.8918
4.83 -31.9187
4.84 -31.9454
4.85 -31.972
4.86 -31.9985
4.87 -32.0249
4.88 -32.0511
4.89 -32.0772
4.9 -32.1033
4.91 -32.1292
4.92 -32.1549
4.93 -32.1806
4.94 -32.2062
4.95 -32.2316
4.96 -32.2569
4.97 -32.2821
4.98 -32.3072
4.99 -32.3322
5 -32.3571
5.01 -32.3818
5.02 -32.4065
5.03 -32.431
5.04 -32.4554
5.05 -32.4797
5.06 -32.5039
5.07 -32.528
5.08 -32.552
5.09 -32.5759
5.1 -32.5996
5.11 -32.6233
5.12 -32.6468
5.13 -32.6703
5.14 -32.6936
5.15 -32.7168
5.16 -32.74
5.17 -32.763
5.18 -32.7859
5.19 -32.8087
5.2 -32.8314
5.21 -32.854
5.22 -32.8765
5.23 -32.8989
5.24 -32.9211
5.25 -32.9433
5.26 -32.9654
5.27 -32.9874
5.28 -33.0093
5.29 -33.031
5.3 -33.0527
5.31 -33.0743
5.32 -33.0958
5.33 -33.1171
5.34 -33.1384
5.35 -33.1596
5.36 -33.1807
5.37 -33.2017
5.38 -33.2226
5.39 -33.2433
5.4 -33.264
5.41 -33.2846
5.42 -33.3051
5.43 -33.3255
5.44 -33.3459
5.45 -33.3661
5.46 -33.3862
5.47 -33.4062
5.48 -33.4262
5.49 -33.446
5.5 -33.4657
5.51 -33.4854
5.52 -33.505
5.53 -33.5244
5.54 -33.5438
5.55 -33.5631
5.56 -33.5823
5.57 -33.6014
5.58 -33.6204
5.59 -33.6394
5.6 -33.6582
5.61 -33.677
5.62 -33.6956
5.63 -33.7142
5.64 -33.7327
5.65 -33.7511
5.66 -33.7694
5.67 -33.7877
5.68 -33.8058
5.69 -33.8239
5.7 -33.8418
5.71 -33.8597
5.72 -33.8775
5.73 -33.8953
5.74 -33.9129
5.75 -33.9304
5.76 -33.9479
5.77 -33.9653
5.78 -33.9826
5.79 -33.9998
5.8 -34.017
5.81 -34.034
5.82 -34.051
5.83 -34.0679
5.84 -34.0847
5.85 -34.1014
5.86 -34.1181
5.87 -34.1347
5.88 -34.1512
5.89 -34.1676
5.9 -34.1839
5.91 -34.2002
5.92 -34.2164
5.93 -34.2325
5.94 -34.2485
5.95 -34.2645
5.96 -34.2804
5.97 -34.2962
5.98 -34.3119
5.99 -34.3275
6 -34.3431
